행정구역별	성별	0세	1세	2세	3세	4세	5세	6세	7세	8세	9세	10세	11세	12세	13세	14세	15세	16세	17세	18세	19세	20세	21세	22세	23세	24세	25세	26세	27세	28세	29세	30세	31세	32세	33세	34세	35세	36세	37세	38세	39세	40세	41세	42세	43세	44세	45세	46세	47세	48세	49세	50세	51세	52세	53세	54세	55세	56세	57세	58세	59세	60세	61세	62세	63세	64세	65세	66세	67세	68세	69세	70세	71세	72세	73세	74세	75세	76세	77세	78세	79세	80세	81세	82세	83세	84세	85세	86세	87세	88세	89세	90세	91세	92세	93세	94세	95세	96세	97세	98세	99세	100세 이상
종로구	계	609 	590 	702 	765 	874 	877 	862 	1000 	917 	1015 	927 	1012 	1167 	1056 	991 	1134 	1150 	1182 	1337 	1792 	1889 	1940 	2183 	2394 	2518 	2535 	2583 	2602 	2578 	2350 	2115 	2153 	2037 	1910 	1957 	1775 	2061 	2086 	2185 	2097 	2165 	1798 	1928 	1996 	2094 	2295 	2516 	2578 	2898 	2809 	2725 	2631 	2534 	2334 	2544 	2573 	2416 	2608 	2658 	2691 	2436 	2254 	2272 	2083 	2229 	1857 	1634 	1795 	1202 	1366 	1465 	1389 	1516 	1197 	1135 	1150 	1178 	1370 	1160 	978 	1010 	844 	702 	684 	596 	506 	416 	351 	321 	243 	207 	178 	140 	120 	80 	66 	59 	66 	48 	36 	253 
종로구	남자	311 	312 	334 	385 	438 	442 	431 	514 	460 	516 	486 	508 	585 	535 	503 	593 	590 	594 	679 	859 	840 	858 	1035 	1165 	1287 	1253 	1340 	1347 	1364 	1195 	1084 	1097 	976 	941 	982 	879 	1062 	1001 	1077 	987 	1059 	885 	890 	979 	989 	1112 	1178 	1274 	1488 	1368 	1353 	1314 	1222 	1161 	1311 	1325 	1226 	1392 	1316 	1312 	1250 	1162 	1158 	1021 	1107 	924 	810 	872 	549 	633 	658 	632 	680 	540 	483 	484 	532 	632 	485 	426 	434 	353 	284 	289 	244 	188 	151 	148 	106 	77 	72 	57 	46 	39 	28 	24 	25 	28 	18 	16 	82 
종로구	여자	298 	278 	368 	380 	436 	435 	431 	486 	457 	499 	441 	504 	582 	521 	488 	541 	560 	588 	658 	933 	1049 	1082 	1148 	1229 	1231 	1282 	1243 	1255 	1214 	1155 	1031 	1056 	1061 	969 	975 	896 	999 	1085 	1108 	1110 	1106 	913 	1038 	1017 	1105 	1183 	1338 	1304 	1410 	1441 	1372 	1317 	1312 	1173 	1233 	1248 	1190 	1216 	1342 	1379 	1186 	1092 	1114 	1062 	1122 	933 	824 	923 	653 	733 	807 	757 	836 	657 	652 	666 	646 	738 	675 	552 	576 	491 	418 	395 	352 	318 	265 	203 	215 	166 	135 	121 	94 	81 	52 	42 	34 	38 	30 	20 	171 
중구	계	698 	659 	724 	813 	799 	766 	765 	771 	714 	680 	636 	661 	697 	582 	578 	691 	694 	731 	835 	1203 	1251 	1342 	1542 	1714 	1833 	2027 	2146 	2385 	2182 	2051 	1998 	2150 	2028 	1986 	2040 	1950 	2117 	2173 	2103 	2117 	1972 	1683 	1718 	1643 	1662 	1839 	1818 	1935 	2157 	2064 	2138 	2191 	2077 	1822 	2001 	2060 	2013 	2140 	2246 	2268 	2104 	1994 	2020 	1896 	1904 	1707 	1420 	1562 	1076 	1265 	1249 	1202 	1274 	991 	955 	958 	928 	1117 	971 	735 	756 	679 	566 	568 	468 	401 	368 	279 	244 	213 	211 	155 	128 	82 	55 	54 	54 	38 	30 	28 	187 
중구	남자	379 	320 	361 	411 	407 	386 	393 	400 	357 	344 	325 	319 	346 	304 	284 	357 	347 	385 	442 	613 	584 	603 	710 	802 	906 	1004 	1046 	1189 	1054 	1039 	1004 	1053 	1016 	988 	1020 	966 	1053 	1059 	1087 	1098 	999 	900 	887 	834 	846 	950 	904 	967 	1107 	1014 	1138 	1071 	1038 	991 	971 	1025 	1042 	1112 	1158 	1117 	1124 	959 	1035 	942 	937 	872 	700 	740 	527 	617 	586 	571 	586 	404 	435 	435 	406 	495 	414 	304 	324 	276 	197 	238 	163 	129 	113 	83 	80 	73 	67 	47 	44 	21 	14 	17 	15 	9 	11 	7 	61 
중구	여자	319 	339 	363 	402 	392 	380 	372 	371 	357 	336 	311 	342 	351 	278 	294 	334 	347 	346 	393 	590 	667 	739 	832 	912 	927 	1023 	1100 	1196 	1128 	1012 	994 	1097 	1012 	998 	1020 	984 	1064 	1114 	1016 	1019 	973 	783 	831 	809 	816 	889 	914 	968 	1050 	1050 	1000 	1120 	1039 	831 	1030 	1035 	971 	1028 	1088 	1151 	980 	1035 	985 	954 	967 	835 	720 	822 	549 	648 	663 	631 	688 	587 	520 	523 	522 	622 	557 	431 	432 	403 	369 	330 	305 	272 	255 	196 	164 	140 	144 	108 	84 	61 	41 	37 	39 	29 	19 	21 	126 
용산구	계	1255 	1241 	1313 	1477 	1522 	1448 	1415 	1537 	1448 	1476 	1432 	1442 	1557 	1451 	1425 	1589 	1609 	1669 	1908 	2309 	2402 	2477 	2769 	2801 	3233 	3497 	3588 	4007 	4181 	3882 	3836 	3795 	3638 	3659 	3660 	3589 	3831 	4071 	3993 	3961 	3579 	3130 	3294 	3228 	3310 	3649 	3713 	3989 	4179 	4088 	4087 	3897 	3622 	3293 	3541 	3469 	3468 	3645 	3678 	3759 	3568 	3245 	3328 	3057 	3115 	2665 	2315 	2436 	1745 	2011 	2001 	2008 	2035 	1635 	1522 	1564 	1599 	1876 	1570 	1312 	1304 	1230 	1094 	1018 	860 	734 	597 	518 	454 	367 	347 	276 	218 	149 	133 	110 	113 	80 	62 	35 	353 
용산구	남자	658 	656 	680 	761 	786 	755 	720 	790 	757 	747 	715 	703 	780 	756 	733 	846 	813 	863 	995 	1159 	1151 	1193 	1318 	1304 	1471 	1637 	1730 	1988 	2043 	1995 	1923 	1907 	1768 	1832 	1796 	1807 	1938 	1983 	2067 	1956 	1743 	1558 	1598 	1566 	1634 	1825 	1869 	1978 	2028 	1999 	1984 	1929 	1704 	1705 	1790 	1744 	1714 	1821 	1835 	1794 	1725 	1600 	1610 	1491 	1436 	1300 	1096 	1082 	794 	908 	904 	937 	864 	669 	661 	631 	710 	812 	664 	536 	521 	473 	415 	372 	330 	258 	214 	183 	163 	126 	107 	79 	51 	41 	42 	41 	44 	30 	23 	17 	98 
용산구	여자	597 	585 	633 	716 	736 	693 	695 	747 	691 	729 	717 	739 	777 	695 	692 	743 	796 	806 	913 	1150 	1251 	1284 	1451 	1497 	1762 	1860 	1858 	2019 	2138 	1887 	1913 	1888 	1870 	1827 	1864 	1782 	1893 	2088 	1926 	2005 	1836 	1572 	1696 	1662 	1676 	1824 	1844 	2011 	2151 	2089 	2103 	1968 	1918 	1588 	1751 	1725 	1754 	1824 	1843 	1965 	1843 	1645 	1718 	1566 	1679 	1365 	1219 	1354 	951 	1103 	1097 	1071 	1171 	966 	861 	933 	889 	1064 	906 	776 	783 	757 	679 	646 	530 	476 	383 	335 	291 	241 	240 	197 	167 	108 	91 	69 	69 	50 	39 	18 	255 
성동구	계	2060 	2134 	2208 	2382 	2397 	2317 	2209 	2198 	2091 	1987 	1812 	2021 	2071 	1819 	1853 	2010 	2031 	2164 	2450 	3204 	3416 	3636 	4034 	4500 	4761 	5073 	5108 	5307 	5254 	4896 	4763 	4942 	4772 	4871 	5071 	4943 	5342 	5510 	5493 	5257 	4974 	4211 	4423 	4371 	4365 	4547 	4934 	4913 	5264 	5167 	5159 	5080 	4738 	4354 	4856 	4748 	4524 	4881 	4951 	5155 	4635 	4411 	4266 	3881 	3918 	3378 	2894 	3105 	2197 	2448 	2533 	2338 	2544 	2069 	1796 	1900 	1843 	2210 	1715 	1476 	1385 	1230 	1141 	1005 	799 	730 	562 	472 	377 	313 	272 	224 	171 	114 	87 	60 	59 	52 	35 	28 	234 
성동구	남자	1055 	1116 	1117 	1226 	1221 	1160 	1125 	1098 	1088 	1020 	929 	1030 	1054 	913 	951 	1012 	952 	1031 	1255 	1606 	1662 	1752 	1929 	2180 	2380 	2518 	2644 	2676 	2652 	2366 	2234 	2364 	2216 	2404 	2530 	2461 	2691 	2787 	2756 	2679 	2473 	2156 	2263 	2254 	2147 	2293 	2523 	2437 	2575 	2589 	2519 	2552 	2275 	2247 	2392 	2380 	2285 	2466 	2491 	2636 	2279 	2258 	2127 	1862 	1854 	1644 	1375 	1481 	1016 	1135 	1189 	1054 	1171 	895 	761 	869 	806 	993 	767 	588 	603 	489 	422 	377 	299 	276 	184 	149 	104 	86 	83 	61 	45 	25 	18 	17 	17 	18 	10 	9 	64 
성동구	여자	1005 	1018 	1091 	1156 	1176 	1157 	1084 	1100 	1003 	967 	883 	991 	1017 	906 	902 	998 	1079 	1133 	1195 	1598 	1754 	1884 	2105 	2320 	2381 	2555 	2464 	2631 	2602 	2530 	2529 	2578 	2556 	2467 	2541 	2482 	2651 	2723 	2737 	2578 	2501 	2055 	2160 	2117 	2218 	2254 	2411 	2476 	2689 	2578 	2640 	2528 	2463 	2107 	2464 	2368 	2239 	2415 	2460 	2519 	2356 	2153 	2139 	2019 	2064 	1734 	1519 	1624 	1181 	1313 	1344 	1284 	1373 	1174 	1035 	1031 	1037 	1217 	948 	888 	782 	741 	719 	628 	500 	454 	378 	323 	273 	227 	189 	163 	126 	89 	69 	43 	42 	34 	25 	19 	170 
광진구	계	1779 	1831 	1904 	2087 	2272 	2235 	2248 	2498 	2357 	2446 	2279 	2422 	2685 	2539 	2401 	2637 	2785 	2728 	3115 	3982 	4127 	4622 	5172 	5877 	6385 	6956 	7285 	7550 	7275 	6502 	6397 	6194 	5798 	5681 	5596 	5270 	5762 	5963 	5837 	5677 	5530 	4605 	5167 	4902 	5125 	5426 	5676 	5821 	6194 	6044 	5908 	6029 	5647 	5203 	5431 	5258 	5113 	5487 	5743 	5819 	5387 	5038 	4953 	4359 	4648 	3831 	3322 	3754 	2447 	2712 	2648 	2816 	2804 	2238 	1941 	2012 	1945 	2209 	1801 	1529 	1497 	1335 	1112 	943 	879 	704 	580 	502 	390 	320 	299 	217 	205 	117 	98 	82 	61 	55 	43 	28 	205 
광진구	남자	918 	936 	995 	1046 	1153 	1175 	1144 	1281 	1158 	1309 	1164 	1266 	1340 	1291 	1231 	1337 	1437 	1377 	1612 	2005 	1983 	2077 	2405 	2695 	2916 	3246 	3575 	3666 	3572 	3251 	3075 	3014 	2814 	2862 	2812 	2625 	2878 	2923 	2886 	2867 	2717 	2317 	2555 	2411 	2545 	2694 	2780 	2863 	3054 	2950 	2829 	2923 	2725 	2565 	2650 	2635 	2540 	2764 	2702 	2814 	2587 	2414 	2415 	2050 	2197 	1852 	1574 	1769 	1127 	1289 	1265 	1269 	1260 	1046 	915 	929 	883 	1027 	813 	690 	667 	562 	460 	354 	302 	258 	185 	169 	116 	93 	89 	60 	66 	24 	29 	20 	14 	12 	8 	10 	43 
광진구	여자	861 	895 	909 	1041 	1119 	1060 	1104 	1217 	1199 	1137 	1115 	1156 	1345 	1248 	1170 	1300 	1348 	1351 	1503 	1977 	2144 	2545 	2767 	3182 	3469 	3710 	3710 	3884 	3703 	3251 	3322 	3180 	2984 	2819 	2784 	2645 	2884 	3040 	2951 	2810 	2813 	2288 	2612 	2491 	2580 	2732 	2896 	2958 	3140 	3094 	3079 	3106 	2922 	2638 	2781 	2623 	2573 	2723 	3041 	3005 	2800 	2624 	2538 	2309 	2451 	1979 	1748 	1985 	1320 	1423 	1383 	1547 	1544 	1192 	1026 	1083 	1062 	1182 	988 	839 	830 	773 	652 	589 	577 	446 	395 	333 	274 	227 	210 	157 	139 	93 	69 	62 	47 	43 	35 	18 	162 
동대문구	계	1815 	1896 	2107 	2274 	2375 	2334 	2251 	2450 	2303 	2310 	2171 	2325 	2424 	2183 	2108 	2263 	2466 	2520 	2816 	3951 	4201 	4593 	5098 	5637 	5956 	6314 	6040 	6092 	5785 	5312 	5028 	4978 	4703 	4806 	4847 	4850 	5338 	5729 	5728 	5451 	5410 	4597 	4929 	4759 	4962 	5176 	5418 	5550 	5865 	5797 	5722 	5645 	5295 	5125 	5330 	5223 	5002 	5485 	5765 	6016 	5655 	5293 	5289 	4776 	5112 	4397 	3816 	4251 	2914 	3286 	3236 	3345 	3416 	2806 	2565 	2544 	2605 	2985 	2406 	2034 	1930 	1668 	1461 	1284 	1119 	1000 	765 	654 	486 	396 	344 	282 	247 	161 	107 	98 	102 	83 	46 	55 	276 
동대문구	남자	917 	971 	1107 	1164 	1221 	1197 	1175 	1255 	1173 	1181 	1117 	1154 	1260 	1124 	1085 	1155 	1255 	1258 	1442 	1942 	1938 	2070 	2371 	2767 	2963 	3392 	3216 	3292 	3014 	2754 	2667 	2559 	2416 	2535 	2513 	2490 	2759 	2940 	2948 	2846 	2788 	2470 	2437 	2489 	2562 	2688 	2763 	2863 	3046 	2946 	2858 	2829 	2614 	2745 	2700 	2605 	2561 	2752 	2843 	2917 	2764 	2606 	2552 	2339 	2457 	2130 	1872 	1970 	1356 	1581 	1513 	1503 	1565 	1280 	1145 	1116 	1182 	1325 	1080 	888 	872 	717 	590 	513 	447 	377 	258 	224 	159 	118 	109 	86 	60 	39 	36 	25 	39 	24 	17 	20 	80 
동대문구	여자	898 	925 	1000 	1110 	1154 	1137 	1076 	1195 	1130 	1129 	1054 	1171 	1164 	1059 	1023 	1108 	1211 	1262 	1374 	2009 	2263 	2523 	2727 	2870 	2993 	2922 	2824 	2800 	2771 	2558 	2361 	2419 	2287 	2271 	2334 	2360 	2579 	2789 	2780 	2605 	2622 	2127 	2492 	2270 	2400 	2488 	2655 	2687 	2819 	2851 	2864 	2816 	2681 	2380 	2630 	2618 	2441 	2733 	2922 	3099 	2891 	2687 	2737 	2437 	2655 	2267 	1944 	2281 	1558 	1705 	1723 	1842 	1851 	1526 	1420 	1428 	1423 	1660 	1326 	1146 	1058 	951 	871 	771 	672 	623 	507 	430 	327 	278 	235 	196 	187 	122 	71 	73 	63 	59 	29 	35 	196 
중랑구	계	2090 	2176 	2282 	2561 	2659 	2453 	2559 	2735 	2641 	2556 	2451 	2545 	2606 	2525 	2404 	2664 	2882 	2929 	3409 	4117 	4135 	4410 	4971 	5284 	5789 	6173 	6329 	6755 	6395 	6010 	5782 	5828 	5655 	5658 	5645 	5655 	5958 	6422 	6431 	6488 	6150 	5038 	5461 	5205 	5316 	5796 	6220 	6388 	6981 	6760 	7039 	7168 	6852 	6495 	6906 	7002 	6595 	7374 	7699 	7731 	7325 	6580 	6534 	6035 	6283 	5372 	4593 	4958 	3516 	3783 	3824 	3794 	3873 	3091 	2670 	2738 	2642 	3147 	2524 	2034 	2004 	1704 	1454 	1278 	1148 	959 	753 	590 	504 	411 	355 	326 	227 	158 	123 	98 	82 	66 	45 	35 	186 
중랑구	남자	1088 	1137 	1148 	1307 	1407 	1235 	1311 	1444 	1357 	1299 	1210 	1275 	1341 	1333 	1252 	1320 	1438 	1500 	1783 	2142 	2040 	2355 	2507 	2637 	2894 	3051 	3213 	3333 	3118 	3037 	2872 	2970 	2850 	2939 	2890 	2912 	3124 	3343 	3413 	3448 	3194 	2712 	2828 	2764 	2680 	3005 	3122 	3265 	3599 	3381 	3508 	3496 	3278 	3329 	3401 	3495 	3264 	3690 	3764 	3808 	3607 	3241 	3229 	2923 	3016 	2647 	2220 	2369 	1634 	1836 	1803 	1757 	1732 	1424 	1229 	1250 	1194 	1405 	1148 	891 	858 	726 	631 	518 	416 	335 	250 	194 	138 	89 	87 	66 	55 	35 	26 	27 	23 	13 	12 	8 	41 
중랑구	여자	1002 	1039 	1134 	1254 	1252 	1218 	1248 	1291 	1284 	1257 	1241 	1270 	1265 	1192 	1152 	1344 	1444 	1429 	1626 	1975 	2095 	2055 	2464 	2647 	2895 	3122 	3116 	3422 	3277 	2973 	2910 	2858 	2805 	2719 	2755 	2743 	2834 	3079 	3018 	3040 	2956 	2326 	2633 	2441 	2636 	2791 	3098 	3123 	3382 	3379 	3531 	3672 	3574 	3166 	3505 	3507 	3331 	3684 	3935 	3923 	3718 	3339 	3305 	3112 	3267 	2725 	2373 	2589 	1882 	1947 	2021 	2037 	2141 	1667 	1441 	1488 	1448 	1742 	1376 	1143 	1146 	978 	823 	760 	732 	624 	503 	396 	366 	322 	268 	260 	172 	123 	97 	71 	59 	53 	33 	27 	145 
성북구	계	2172 	2427 	2688 	3116 	3260 	3257 	3251 	3600 	3648 	3575 	3340 	3517 	3820 	3479 	3412 	3828 	3883 	3909 	4410 	5504 	5771 	5947 	6519 	6740 	7121 	7241 	7029 	7118 	6695 	6089 	5797 	5674 	5613 	5681 	5830 	5840 	6533 	6927 	7186 	6960 	6986 	6001 	6299 	6500 	6760 	7537 	7805 	8058 	8460 	8135 	7947 	7692 	7084 	6448 	6691 	6734 	6274 	6791 	6959 	7221 	6714 	6297 	6339 	5789 	6023 	5085 	4498 	5008 	3409 	3885 	3954 	3861 	4006 	3350 	2956 	3011 	3057 	3651 	2899 	2453 	2450 	2073 	1804 	1572 	1484 	1150 	917 	779 	593 	535 	453 	374 	324 	201 	145 	99 	109 	82 	63 	46 	363 
성북구	남자	1112 	1268 	1392 	1582 	1673 	1681 	1614 	1859 	1877 	1801 	1726 	1828 	1971 	1767 	1797 	1995 	2002 	1995 	2213 	2686 	2685 	2642 	3004 	3124 	3493 	3668 	3625 	3618 	3441 	3066 	2893 	2862 	2727 	2863 	2835 	2903 	3315 	3385 	3612 	3448 	3423 	3009 	3075 	3226 	3315 	3724 	3844 	4058 	4215 	3958 	4008 	3889 	3453 	3251 	3307 	3255 	3093 	3291 	3396 	3380 	3252 	3029 	3027 	2697 	2785 	2445 	2115 	2327 	1544 	1814 	1740 	1692 	1724 	1425 	1300 	1316 	1347 	1615 	1282 	1010 	1034 	881 	712 	608 	553 	424 	340 	264 	177 	154 	130 	94 	86 	49 	28 	21 	28 	27 	20 	8 	95 
성북구	여자	1060 	1159 	1296 	1534 	1587 	1576 	1637 	1741 	1771 	1774 	1614 	1689 	1849 	1712 	1615 	1833 	1881 	1914 	2197 	2818 	3086 	3305 	3515 	3616 	3628 	3573 	3404 	3500 	3254 	3023 	2904 	2812 	2886 	2818 	2995 	2937 	3218 	3542 	3574 	3512 	3563 	2992 	3224 	3274 	3445 	3813 	3961 	4000 	4245 	4177 	3939 	3803 	3631 	3197 	3384 	3479 	3181 	3500 	3563 	3841 	3462 	3268 	3312 	3092 	3238 	2640 	2383 	2681 	1865 	2071 	2214 	2169 	2282 	1925 	1656 	1695 	1710 	2036 	1617 	1443 	1416 	1192 	1092 	964 	931 	726 	577 	515 	416 	381 	323 	280 	238 	152 	117 	78 	81 	55 	43 	38 	268 
강북구	계	1189 	1344 	1590 	1748 	1808 	1791 	1842 	2068 	2008 	2032 	2026 	2039 	2155 	2060 	2014 	2214 	2451 	2447 	2844 	3410 	3515 	3827 	4156 	4359 	4509 	4740 	4706 	4934 	4650 	3954 	3937 	3851 	3660 	3727 	3832 	3815 	4327 	4619 	4599 	4668 	4701 	3926 	4323 	4301 	4480 	4993 	5320 	5407 	5805 	5673 	5536 	5585 	5282 	4831 	5254 	5090 	5046 	5414 	5623 	5945 	5547 	5136 	5127 	4695 	4975 	4317 	3749 	4147 	3090 	3394 	3494 	3579 	3641 	2869 	2635 	2726 	2682 	3262 	2624 	2075 	1961 	1700 	1486 	1329 	1156 	835 	677 	582 	442 	389 	344 	282 	196 	142 	118 	92 	82 	63 	48 	32 	234 
강북구	남자	610 	708 	794 	878 	925 	927 	976 	1066 	1033 	1043 	1057 	1003 	1122 	1077 	1029 	1094 	1270 	1322 	1449 	1765 	1673 	1806 	1938 	2128 	2194 	2379 	2393 	2498 	2310 	2057 	2031 	1957 	1931 	1984 	1991 	2007 	2266 	2401 	2445 	2512 	2456 	2055 	2193 	2222 	2282 	2547 	2635 	2803 	2942 	2867 	2708 	2695 	2589 	2416 	2536 	2529 	2504 	2669 	2676 	2742 	2671 	2423 	2509 	2225 	2311 	1976 	1724 	1884 	1402 	1484 	1522 	1562 	1587 	1219 	1133 	1196 	1149 	1456 	1184 	913 	809 	698 	631 	543 	457 	318 	259 	190 	136 	101 	90 	93 	52 	44 	26 	19 	22 	21 	15 	8 	58 
강북구	여자	579 	636 	796 	870 	883 	864 	866 	1002 	975 	989 	969 	1036 	1033 	983 	985 	1120 	1181 	1125 	1395 	1645 	1842 	2021 	2218 	2231 	2315 	2361 	2313 	2436 	2340 	1897 	1906 	1894 	1729 	1743 	1841 	1808 	2061 	2218 	2154 	2156 	2245 	1871 	2130 	2079 	2198 	2446 	2685 	2604 	2863 	2806 	2828 	2890 	2693 	2415 	2718 	2561 	2542 	2745 	2947 	3203 	2876 	2713 	2618 	2470 	2664 	2341 	2025 	2263 	1688 	1910 	1972 	2017 	2054 	1650 	1502 	1530 	1533 	1806 	1440 	1162 	1152 	1002 	855 	786 	699 	517 	418 	392 	306 	288 	254 	189 	144 	98 	92 	73 	60 	42 	33 	24 	176 
도봉구	계	1446 	1653 	1806 	2064 	2158 	2238 	2128 	2405 	2354 	2413 	2305 	2337 	2642 	2361 	2304 	2727 	2803 	2963 	3351 	3938 	3823 	3972 	4478 	4478 	4721 	4782 	4823 	4863 	4704 	4278 	4089 	4041 	3875 	3847 	4041 	4067 	4535 	4929 	5006 	4946 	4764 	4043 	4517 	4475 	4699 	5153 	5515 	5647 	6179 	6079 	5912 	6147 	5648 	5416 	5617 	5601 	5448 	5973 	6175 	6618 	6155 	5690 	5772 	5257 	5504 	4534 	3886 	4274 	3039 	3246 	3214 	3321 	3391 	2646 	2365 	2421 	2435 	2965 	2371 	1993 	1939 	1646 	1457 	1263 	1142 	897 	826 	709 	538 	428 	375 	344 	232 	178 	114 	88 	94 	64 	36 	34 	159 
도봉구	남자	762 	884 	961 	1045 	1096 	1150 	1095 	1251 	1202 	1239 	1184 	1225 	1327 	1238 	1161 	1423 	1425 	1506 	1776 	1994 	1960 	2018 	2310 	2268 	2408 	2434 	2551 	2453 	2404 	2206 	2068 	2062 	1986 	2014 	2022 	2121 	2367 	2506 	2531 	2496 	2385 	2058 	2284 	2277 	2236 	2602 	2638 	2830 	2999 	2954 	2811 	2904 	2611 	2695 	2617 	2700 	2713 	2858 	2834 	3122 	2921 	2691 	2817 	2516 	2591 	2272 	1909 	2048 	1470 	1544 	1526 	1570 	1563 	1215 	1091 	1083 	1090 	1354 	1079 	887 	827 	688 	576 	480 	416 	308 	280 	212 	166 	135 	107 	99 	66 	45 	23 	23 	26 	18 	9 	12 	41 
도봉구	여자	684 	769 	845 	1019 	1062 	1088 	1033 	1154 	1152 	1174 	1121 	1112 	1315 	1123 	1143 	1304 	1378 	1457 	1575 	1944 	1863 	1954 	2168 	2210 	2313 	2348 	2272 	2410 	2300 	2072 	2021 	1979 	1889 	1833 	2019 	1946 	2168 	2423 	2475 	2450 	2379 	1985 	2233 	2198 	2463 	2551 	2877 	2817 	3180 	3125 	3101 	3243 	3037 	2721 	3000 	2901 	2735 	3115 	3341 	3496 	3234 	2999 	2955 	2741 	2913 	2262 	1977 	2226 	1569 	1702 	1688 	1751 	1828 	1431 	1274 	1338 	1345 	1611 	1292 	1106 	1112 	958 	881 	783 	726 	589 	546 	497 	372 	293 	268 	245 	166 	133 	91 	65 	68 	46 	27 	22 	118 
노원구	계	2514 	2675 	3032 	3328 	3725 	3715 	3764 	4320 	4163 	4529 	4292 	4920 	5323 	5021 	5056 	5808 	5945 	5889 	6750 	7844 	7422 	7662 	8030 	7907 	8046 	7619 	7454 	7349 	6856 	6236 	6056 	6132 	5938 	6152 	6290 	6282 	7168 	7635 	7745 	7932 	7997 	7040 	7804 	7912 	8423 	9294 	9915 	10145 	10848 	10526 	10228 	9922 	9107 	8340 	8533 	8264 	8096 	8662 	8797 	9007 	8366 	7933 	7785 	7174 	7409 	6284 	5380 	5932 	4134 	4583 	4571 	4382 	4509 	3634 	3199 	3289 	3236 	3912 	3095 	2715 	2636 	2332 	2039 	1756 	1700 	1378 	1159 	1014 	776 	717 	556 	447 	340 	237 	168 	151 	134 	86 	61 	60 	252 
노원구	남자	1306 	1396 	1526 	1705 	1934 	1905 	1961 	2239 	2139 	2300 	2215 	2576 	2743 	2637 	2629 	3023 	3127 	3044 	3477 	4119 	3739 	3814 	4089 	4135 	4259 	4095 	3932 	3827 	3445 	3182 	3032 	3093 	2979 	3073 	3126 	3128 	3576 	3789 	3830 	3827 	3837 	3483 	3624 	3819 	3916 	4448 	4664 	4871 	5111 	5106 	5012 	4804 	4343 	4238 	4076 	4087 	3909 	4187 	4243 	4184 	3887 	3716 	3670 	3332 	3389 	2995 	2564 	2747 	1941 	2124 	2072 	2010 	1962 	1556 	1386 	1407 	1373 	1632 	1230 	1102 	1022 	857 	734 	599 	550 	420 	359 	311 	208 	216 	156 	111 	73 	53 	27 	39 	34 	19 	13 	17 	77 
노원구	여자	1208 	1279 	1506 	1623 	1791 	1810 	1803 	2081 	2024 	2229 	2077 	2344 	2580 	2384 	2427 	2785 	2818 	2845 	3273 	3725 	3683 	3848 	3941 	3772 	3787 	3524 	3522 	3522 	3411 	3054 	3024 	3039 	2959 	3079 	3164 	3154 	3592 	3846 	3915 	4105 	4160 	3557 	4180 	4093 	4507 	4846 	5251 	5274 	5737 	5420 	5216 	5118 	4764 	4102 	4457 	4177 	4187 	4475 	4554 	4823 	4479 	4217 	4115 	3842 	4020 	3289 	2816 	3185 	2193 	2459 	2499 	2372 	2547 	2078 	1813 	1882 	1863 	2280 	1865 	1613 	1614 	1475 	1305 	1157 	1150 	958 	800 	703 	568 	501 	400 	336 	267 	184 	141 	112 	100 	67 	48 	43 	175 
은평구	계	2313 	2616 	2822 	3142 	3410 	3301 	3233 	3698 	3505 	3643 	3503 	3607 	3898 	3687 	3435 	3970 	4236 	4246 	4645 	5480 	5389 	5448 	6053 	6380 	6563 	7062 	7279 	7511 	7451 	6788 	6434 	6430 	6299 	6269 	6519 	6577 	7343 	7808 	8112 	7936 	7691 	6448 	7208 	7043 	7362 	8008 	8546 	8472 	8911 	8534 	8422 	8260 	7706 	7108 	7366 	7377 	7173 	7630 	8114 	8285 	7894 	7261 	7139 	6628 	6838 	6024 	5234 	5594 	4040 	4500 	4625 	4601 	4784 	3839 	3405 	3453 	3411 	4069 	3278 	2725 	2678 	2258 	2057 	1819 	1553 	1240 	956 	828 	667 	539 	497 	376 	318 	208 	169 	131 	116 	84 	49 	45 	397 
은평구	남자	1203 	1295 	1426 	1623 	1732 	1700 	1684 	1921 	1795 	1841 	1784 	1837 	2023 	1891 	1829 	2026 	2207 	2139 	2345 	2775 	2754 	2740 	2997 	3044 	3199 	3411 	3521 	3661 	3607 	3305 	3130 	3105 	3071 	3074 	3261 	3243 	3710 	3934 	4152 	3995 	3842 	3209 	3561 	3518 	3614 	3965 	4207 	4204 	4373 	4154 	4169 	4042 	3624 	3570 	3477 	3567 	3442 	3699 	3819 	3851 	3742 	3379 	3328 	3136 	3147 	2748 	2367 	2575 	1815 	2064 	2043 	2054 	2110 	1702 	1511 	1507 	1433 	1812 	1495 	1249 	1152 	956 	846 	724 	635 	459 	350 	284 	212 	159 	166 	113 	72 	51 	36 	40 	42 	21 	10 	16 	70 
은평구	여자	1110 	1321 	1396 	1519 	1678 	1601 	1549 	1777 	1710 	1802 	1719 	1770 	1875 	1796 	1606 	1944 	2029 	2107 	2300 	2705 	2635 	2708 	3056 	3336 	3364 	3651 	3758 	3850 	3844 	3483 	3304 	3325 	3228 	3195 	3258 	3334 	3633 	3874 	3960 	3941 	3849 	3239 	3647 	3525 	3748 	4043 	4339 	4268 	4538 	4380 	4253 	4218 	4082 	3538 	3889 	3810 	3731 	3931 	4295 	4434 	4152 	3882 	3811 	3492 	3691 	3276 	2867 	3019 	2225 	2436 	2582 	2547 	2674 	2137 	1894 	1946 	1978 	2257 	1783 	1476 	1526 	1302 	1211 	1095 	918 	781 	606 	544 	455 	380 	331 	263 	246 	157 	133 	91 	74 	63 	39 	29 	327 
서대문구	계	1580 	1776 	1860 	2089 	2145 	2217 	2128 	2276 	2110 	2214 	2164 	2108 	2193 	2236 	2105 	2393 	2570 	2465 	2887 	3494 	3715 	3991 	4435 	5011 	5267 	5451 	5522 	5430 	5388 	4624 	4367 	4337 	4251 	4149 	4305 	4155 	4553 	4847 	4924 	4793 	4639 	4021 	4412 	4315 	4476 	4905 	4997 	5216 	5673 	5442 	5368 	5236 	5047 	4500 	4889 	4767 	4563 	4905 	4948 	5181 	4695 	4481 	4396 	3927 	4228 	3510 	3121 	3334 	2378 	2722 	2731 	2670 	3021 	2446 	2150 	2184 	2242 	2732 	2144 	1870 	1948 	1624 	1414 	1285 	1188 	908 	709 	638 	448 	417 	386 	282 	230 	172 	115 	102 	87 	67 	59 	34 	277 
서대문구	남자	813 	954 	1009 	1068 	1065 	1113 	1088 	1175 	1015 	1168 	1073 	1075 	1089 	1153 	1034 	1210 	1288 	1268 	1463 	1715 	1755 	1825 	2021 	2286 	2461 	2711 	2784 	2796 	2716 	2392 	2208 	2148 	2093 	2107 	2144 	2018 	2307 	2379 	2440 	2364 	2282 	2033 	2135 	2174 	2233 	2442 	2345 	2632 	2872 	2651 	2550 	2539 	2368 	2359 	2334 	2262 	2206 	2437 	2394 	2445 	2264 	2193 	2095 	1833 	1977 	1638 	1476 	1504 	1105 	1177 	1166 	1125 	1297 	1066 	931 	928 	946 	1218 	905 	775 	807 	665 	572 	491 	459 	335 	253 	215 	136 	128 	123 	89 	48 	48 	29 	18 	19 	20 	20 	12 	73 
서대문구	여자	767 	822 	851 	1021 	1080 	1104 	1040 	1101 	1095 	1046 	1091 	1033 	1104 	1083 	1071 	1183 	1282 	1197 	1424 	1779 	1960 	2166 	2414 	2725 	2806 	2740 	2738 	2634 	2672 	2232 	2159 	2189 	2158 	2042 	2161 	2137 	2246 	2468 	2484 	2429 	2357 	1988 	2277 	2141 	2243 	2463 	2652 	2584 	2801 	2791 	2818 	2697 	2679 	2141 	2555 	2505 	2357 	2468 	2554 	2736 	2431 	2288 	2301 	2094 	2251 	1872 	1645 	1830 	1273 	1545 	1565 	1545 	1724 	1380 	1219 	1256 	1296 	1514 	1239 	1095 	1141 	959 	842 	794 	729 	573 	456 	423 	312 	289 	263 	193 	182 	124 	86 	84 	68 	47 	39 	22 	204 
마포구	계	2292 	2430 	2496 	2787 	2842 	2720 	2609 	2914 	2710 	2760 	2622 	2916 	3045 	2698 	2616 	2898 	2929 	2826 	3219 	3958 	4121 	4416 	5115 	5590 	6291 	6641 	7041 	7419 	7470 	6631 	6515 	6481 	6342 	6367 	6496 	6340 	6854 	6953 	6837 	6461 	6427 	5414 	6009 	5869 	5911 	6347 	6599 	6602 	6872 	6418 	6349 	5951 	5511 	4936 	5396 	5251 	4933 	5111 	5243 	5489 	4990 	4509 	4631 	4123 	4372 	3595 	3181 	3542 	2358 	2743 	2877 	2816 	2974 	2310 	2216 	2281 	2244 	2659 	2121 	1842 	1832 	1524 	1470 	1231 	1160 	898 	760 	669 	538 	413 	380 	308 	228 	145 	117 	83 	107 	70 	51 	43 	318 
마포구	남자	1189 	1263 	1300 	1442 	1439 	1341 	1288 	1490 	1325 	1402 	1357 	1503 	1536 	1354 	1321 	1443 	1540 	1437 	1645 	1911 	1913 	2045 	2290 	2508 	2797 	2999 	3312 	3401 	3477 	3055 	2957 	3017 	2848 	2893 	3089 	3083 	3328 	3401 	3365 	3180 	3065 	2696 	2808 	2805 	2908 	3179 	3185 	3237 	3378 	3149 	3167 	2937 	2620 	2543 	2634 	2557 	2423 	2520 	2569 	2651 	2383 	2132 	2106 	1909 	2060 	1664 	1402 	1647 	1021 	1184 	1214 	1193 	1263 	961 	910 	957 	1000 	1156 	907 	781 	757 	640 	588 	477 	413 	311 	299 	232 	175 	126 	112 	89 	55 	42 	31 	19 	36 	16 	23 	8 	77 
마포구	여자	1103 	1167 	1196 	1345 	1403 	1379 	1321 	1424 	1385 	1358 	1265 	1413 	1509 	1344 	1295 	1455 	1389 	1389 	1574 	2047 	2208 	2371 	2825 	3082 	3494 	3642 	3729 	4018 	3993 	3576 	3558 	3464 	3494 	3474 	3407 	3257 	3526 	3552 	3472 	3281 	3362 	2718 	3201 	3064 	3003 	3168 	3414 	3365 	3494 	3269 	3182 	3014 	2891 	2393 	2762 	2694 	2510 	2591 	2674 	2838 	2607 	2377 	2525 	2214 	2312 	1931 	1779 	1895 	1337 	1559 	1663 	1623 	1711 	1349 	1306 	1324 	1244 	1503 	1214 	1061 	1075 	884 	882 	754 	747 	587 	461 	437 	363 	287 	268 	219 	173 	103 	86 	64 	71 	54 	28 	35 	241 
양천구	계	2074 	2262 	2586 	2983 	3251 	3493 	3707 	4172 	4175 	4453 	4340 	4883 	5412 	4866 	4889 	5419 	5394 	5404 	5849 	6127 	6027 	5871 	6068 	6141 	6230 	6299 	6245 	6265 	6300 	5518 	5469 	5344 	5224 	5279 	5577 	5596 	6359 	6759 	6982 	7246 	7340 	6574 	7157 	7312 	7585 	8477 	8611 	8985 	9488 	9131 	8950 	8596 	7870 	7290 	7511 	7553 	6854 	7576 	7512 	7712 	7124 	6572 	6472 	5904 	6324 	5212 	4620 	4959 	3474 	3830 	3699 	3610 	3495 	2814 	2308 	2426 	2306 	2633 	2053 	1743 	1740 	1460 	1412 	1166 	1061 	896 	807 	661 	558 	453 	385 	317 	238 	166 	134 	75 	111 	67 	48 	40 	170 
양천구	남자	1125 	1141 	1323 	1483 	1685 	1779 	1903 	2148 	2191 	2291 	2229 	2550 	2822 	2533 	2568 	2879 	2774 	2823 	3036 	3200 	3218 	3082 	3174 	3168 	3185 	3192 	3169 	3136 	3162 	2813 	2693 	2655 	2519 	2654 	2797 	2770 	3118 	3304 	3388 	3469 	3456 	3150 	3289 	3515 	3525 	4134 	4028 	4327 	4734 	4452 	4495 	4243 	3854 	3739 	3710 	3810 	3393 	3851 	3670 	3755 	3489 	3168 	3057 	2828 	2979 	2571 	2215 	2412 	1686 	1901 	1791 	1761 	1664 	1341 	1059 	1132 	1062 	1178 	955 	718 	715 	579 	492 	415 	334 	292 	245 	194 	132 	109 	103 	82 	70 	32 	24 	19 	32 	9 	9 	12 	41 
양천구	여자	949 	1121 	1263 	1500 	1566 	1714 	1804 	2024 	1984 	2162 	2111 	2333 	2590 	2333 	2321 	2540 	2620 	2581 	2813 	2927 	2809 	2789 	2894 	2973 	3045 	3107 	3076 	3129 	3138 	2705 	2776 	2689 	2705 	2625 	2780 	2826 	3241 	3455 	3594 	3777 	3884 	3424 	3868 	3797 	4060 	4343 	4583 	4658 	4754 	4679 	4455 	4353 	4016 	3551 	3801 	3743 	3461 	3725 	3842 	3957 	3635 	3404 	3415 	3076 	3345 	2641 	2405 	2547 	1788 	1929 	1908 	1849 	1831 	1473 	1249 	1294 	1244 	1455 	1098 	1025 	1025 	881 	920 	751 	727 	604 	562 	467 	426 	344 	282 	235 	168 	134 	110 	56 	79 	58 	39 	28 	129 
강서구	계	3589 	3787 	4025 	4516 	4731 	4593 	4576 	5011 	4717 	4423 	4169 	4489 	4657 	4212 	4089 	4549 	4784 	4897 	5314 	6282 	5942 	6357 	6916 	7575 	8691 	9407 	10168 	10893 	11199 	10270 	10146 	10235 	9716 	9934 	9923 	9664 	10701 	11134 	11056 	10569 	10374 	8588 	9023 	8702 	8794 	9494 	9633 	9526 	9738 	9404 	9267 	9058 	8453 	7947 	8564 	8442 	8266 	9263 	9802 	10005 	9584 	8775 	8822 	8045 	8482 	6997 	6353 	6750 	4585 	5187 	5142 	4944 	5005 	3866 	3341 	3299 	3050 	3591 	2784 	2528 	2377 	2050 	1762 	1561 	1564 	1206 	1079 	908 	710 	679 	577 	443 	370 	251 	191 	148 	114 	90 	70 	49 	218 
강서구	남자	1865 	1954 	2070 	2338 	2384 	2269 	2329 	2582 	2404 	2282 	2156 	2274 	2409 	2173 	2061 	2358 	2400 	2509 	2685 	3193 	2995 	3188 	3279 	3590 	3971 	4201 	4615 	5058 	5261 	5064 	4925 	5091 	4829 	5014 	5050 	4984 	5514 	5668 	5744 	5382 	5269 	4320 	4501 	4399 	4404 	4768 	4832 	4814 	4849 	4682 	4551 	4402 	3977 	3905 	3974 	3984 	3937 	4443 	4558 	4607 	4504 	4101 	4082 	3773 	3795 	3199 	3004 	3150 	2184 	2474 	2419 	2383 	2372 	1904 	1590 	1587 	1392 	1647 	1197 	1085 	941 	793 	651 	534 	536 	390 	341 	252 	216 	166 	143 	95 	89 	55 	36 	45 	24 	20 	18 	18 	64 
강서구	여자	1724 	1833 	1955 	2178 	2347 	2324 	2247 	2429 	2313 	2141 	2013 	2215 	2248 	2039 	2028 	2191 	2384 	2388 	2629 	3089 	2947 	3169 	3637 	3985 	4720 	5206 	5553 	5835 	5938 	5206 	5221 	5144 	4887 	4920 	4873 	4680 	5187 	5466 	5312 	5187 	5105 	4268 	4522 	4303 	4390 	4726 	4801 	4712 	4889 	4722 	4716 	4656 	4476 	4042 	4590 	4458 	4329 	4820 	5244 	5398 	5080 	4674 	4740 	4272 	4687 	3798 	3349 	3600 	2401 	2713 	2723 	2561 	2633 	1962 	1751 	1712 	1658 	1944 	1587 	1443 	1436 	1257 	1111 	1027 	1028 	816 	738 	656 	494 	513 	434 	348 	281 	196 	155 	103 	90 	70 	52 	31 	154 
구로구	계	2431 	2727 	2841 	3093 	3305 	3109 	3206 	3320 	3253 	3216 	2978 	3076 	3075 	2855 	2692 	2923 	3036 	3188 	3590 	4166 	4124 	4309 	4790 	5212 	5706 	6090 	6240 	6462 	6500 	6219 	6046 	6182 	6031 	5967 	6036 	6181 	6789 	7258 	7107 	7057 	6901 	5855 	6148 	6176 	5936 	6552 	6646 	6637 	6893 	6703 	6561 	6537 	6174 	5873 	6268 	6198 	5893 	6511 	6792 	7186 	6658 	6336 	6173 	5710 	6029 	5235 	4790 	4879 	3583 	4034 	4030 	3874 	4009 	3045 	2694 	2759 	2598 	3092 	2297 	1975 	1872 	1719 	1387 	1296 	1114 	912 	724 	600 	466 	405 	339 	279 	196 	164 	111 	75 	95 	62 	33 	33 	156 
구로구	남자	1275 	1424 	1443 	1574 	1675 	1582 	1650 	1633 	1652 	1655 	1503 	1562 	1536 	1471 	1464 	1501 	1574 	1639 	1925 	2131 	2077 	2213 	2366 	2468 	2719 	2954 	3106 	3167 	3171 	3113 	3047 	3115 	2943 	3019 	3104 	3144 	3527 	3749 	3673 	3578 	3517 	3070 	3152 	3176 	3085 	3385 	3430 	3424 	3546 	3371 	3242 	3134 	3080 	2979 	3104 	3065 	2961 	3168 	3324 	3392 	3167 	3057 	2965 	2653 	2799 	2465 	2212 	2296 	1704 	1928 	1932 	1927 	1947 	1459 	1300 	1319 	1219 	1442 	1075 	869 	846 	739 	581 	528 	426 	314 	264 	210 	140 	105 	100 	68 	43 	32 	22 	22 	20 	14 	9 	9 	33 
구로구	여자	1156 	1303 	1398 	1519 	1630 	1527 	1556 	1687 	1601 	1561 	1475 	1514 	1539 	1384 	1228 	1422 	1462 	1549 	1665 	2035 	2047 	2096 	2424 	2744 	2987 	3136 	3134 	3295 	3329 	3106 	2999 	3067 	3088 	2948 	2932 	3037 	3262 	3509 	3434 	3479 	3384 	2785 	2996 	3000 	2851 	3167 	3216 	3213 	3347 	3332 	3319 	3403 	3094 	2894 	3164 	3133 	2932 	3343 	3468 	3794 	3491 	3279 	3208 	3057 	3230 	2770 	2578 	2583 	1879 	2106 	2098 	1947 	2062 	1586 	1394 	1440 	1379 	1650 	1222 	1106 	1026 	980 	806 	768 	688 	598 	460 	390 	326 	300 	239 	211 	153 	132 	89 	53 	75 	48 	24 	24 	123 
금천구	계	1101 	1220 	1346 	1420 	1537 	1414 	1286 	1584 	1412 	1426 	1299 	1339 	1468 	1402 	1346 	1494 	1614 	1681 	1889 	2273 	2384 	2695 	2974 	3176 	3558 	3989 	4404 	4490 	4511 	4060 	3810 	3664 	3613 	3439 	3423 	3360 	3529 	3675 	3602 	3551 	3394 	2876 	3077 	2981 	3161 	3396 	3694 	3677 	3939 	3996 	3981 	4187 	3874 	3896 	4078 	4162 	3901 	4335 	4388 	4548 	4283 	3841 	3620 	3390 	3481 	3091 	2593 	2775 	2104 	2333 	2211 	2168 	2239 	1763 	1598 	1537 	1512 	1824 	1436 	1152 	1126 	924 	766 	670 	644 	498 	417 	366 	281 	225 	175 	163 	129 	68 	67 	51 	37 	42 	25 	18 	168 
금천구	남자	590 	616 	699 	734 	775 	724 	656 	816 	709 	728 	651 	694 	746 	712 	679 	751 	811 	874 	940 	1195 	1181 	1375 	1474 	1551 	1779 	2023 	2266 	2360 	2393 	2232 	2097 	2047 	1971 	1921 	1886 	1822 	1936 	2054 	1983 	1967 	1812 	1532 	1686 	1543 	1636 	1803 	1877 	1905 	2027 	2005 	2003 	2111 	1861 	2020 	2019 	2131 	2002 	2182 	2153 	2310 	2143 	1943 	1801 	1664 	1685 	1442 	1271 	1351 	1028 	1138 	1043 	1051 	1035 	825 	748 	715 	705 	850 	658 	510 	501 	387 	328 	257 	242 	180 	137 	128 	95 	76 	40 	33 	24 	13 	17 	10 	19 	11 	6 	7 	56 
금천구	여자	511 	604 	647 	686 	762 	690 	630 	768 	703 	698 	648 	645 	722 	690 	667 	743 	803 	807 	949 	1078 	1203 	1320 	1500 	1625 	1779 	1966 	2138 	2130 	2118 	1828 	1713 	1617 	1642 	1518 	1537 	1538 	1593 	1621 	1619 	1584 	1582 	1344 	1391 	1438 	1525 	1593 	1817 	1772 	1912 	1991 	1978 	2076 	2013 	1876 	2059 	2031 	1899 	2153 	2235 	2238 	2140 	1898 	1819 	1726 	1796 	1649 	1322 	1424 	1076 	1195 	1168 	1117 	1204 	938 	850 	822 	807 	974 	778 	642 	625 	537 	438 	413 	402 	318 	280 	238 	186 	149 	135 	130 	105 	55 	50 	41 	18 	31 	19 	11 	112 
영등포구	계	2448 	2431 	2481 	2674 	2849 	2644 	2409 	2663 	2440 	2408 	2209 	2339 	2371 	2133 	2140 	2342 	2482 	2507 	2826 	3510 	3515 	3887 	4236 	4674 	5419 	6168 	6644 	7566 	7656 	6890 	6892 	7001 	6677 	6525 	6519 	6328 	6478 	6806 	6584 	6176 	5968 	4909 	5374 	5233 	5158 	5433 	5661 	5778 	6159 	5851 	5935 	5736 	5427 	5150 	5485 	5627 	5198 	5704 	5873 	6033 	5632 	5362 	5289 	4672 	5127 	4240 	3687 	4129 	2966 	3422 	3292 	3244 	3304 	2667 	2343 	2364 	2309 	2780 	2161 	1802 	1876 	1518 	1439 	1313 	1158 	938 	747 	650 	468 	403 	335 	285 	235 	151 	130 	97 	84 	71 	49 	31 	269 
영등포구	남자	1234 	1215 	1288 	1344 	1476 	1373 	1244 	1332 	1188 	1219 	1153 	1216 	1250 	1141 	1141 	1252 	1345 	1335 	1461 	1799 	1795 	1894 	2021 	2124 	2377 	2871 	3102 	3637 	3677 	3441 	3500 	3602 	3307 	3350 	3360 	3301 	3377 	3509 	3439 	3271 	3072 	2537 	2705 	2676 	2636 	2889 	2839 	2998 	3177 	3001 	2961 	2928 	2681 	2685 	2868 	2875 	2674 	2950 	2902 	2916 	2805 	2669 	2577 	2311 	2491 	2037 	1789 	2001 	1417 	1540 	1544 	1542 	1573 	1250 	1140 	1077 	1023 	1256 	966 	798 	819 	665 	590 	547 	510 	335 	273 	215 	144 	128 	97 	87 	62 	31 	34 	24 	24 	19 	18 	13 	66 
영등포구	여자	1214 	1216 	1193 	1330 	1373 	1271 	1165 	1331 	1252 	1189 	1056 	1123 	1121 	992 	999 	1090 	1137 	1172 	1365 	1711 	1720 	1993 	2215 	2550 	3042 	3297 	3542 	3929 	3979 	3449 	3392 	3399 	3370 	3175 	3159 	3027 	3101 	3297 	3145 	2905 	2896 	2372 	2669 	2557 	2522 	2544 	2822 	2780 	2982 	2850 	2974 	2808 	2746 	2465 	2617 	2752 	2524 	2754 	2971 	3117 	2827 	2693 	2712 	2361 	2636 	2203 	1898 	2128 	1549 	1882 	1748 	1702 	1731 	1417 	1203 	1287 	1286 	1524 	1195 	1004 	1057 	853 	849 	766 	648 	603 	474 	435 	324 	275 	238 	198 	173 	120 	96 	73 	60 	52 	31 	18 	203 
동작구	계	2077 	2298 	2473 	2655 	2970 	2800 	2719 	2959 	2797 	2848 	2648 	2703 	2765 	2611 	2539 	2746 	2836 	2958 	3339 	4306 	4435 	5015 	5509 	6274 	6955 	7548 	7743 	7976 	7850 	7077 	6804 	6682 	6321 	6101 	6148 	5913 	6453 	6640 	6545 	6554 	6445 	5433 	5771 	5706 	5695 	6100 	6141 	6207 	6625 	6361 	6417 	6156 	5815 	5309 	5660 	5858 	5524 	5937 	6182 	6400 	5995 	5581 	5609 	5043 	5409 	4582 	4077 	4377 	3263 	3540 	3585 	3575 	3678 	3054 	2577 	2612 	2501 	3030 	2397 	2097 	1969 	1680 	1479 	1355 	1149 	1029 	798 	670 	512 	433 	407 	340 	252 	184 	135 	109 	109 	59 	46 	47 	287 
동작구	남자	1107 	1173 	1182 	1350 	1501 	1474 	1353 	1508 	1418 	1476 	1329 	1415 	1489 	1324 	1271 	1436 	1452 	1517 	1697 	2177 	2113 	2320 	2598 	2966 	3355 	3697 	3796 	4033 	3932 	3585 	3416 	3452 	3198 	3067 	3104 	2974 	3219 	3354 	3348 	3309 	3227 	2770 	2803 	2935 	2824 	3186 	3048 	3117 	3291 	3145 	3137 	2943 	2703 	2660 	2684 	2784 	2673 	2882 	2879 	2984 	2830 	2527 	2656 	2325 	2508 	2104 	1878 	1989 	1432 	1640 	1575 	1581 	1616 	1305 	1144 	1200 	1176 	1431 	1122 	945 	857 	721 	592 	515 	443 	390 	281 	199 	170 	122 	129 	95 	56 	47 	31 	34 	33 	12 	6 	14 	85 
동작구	여자	970 	1125 	1291 	1305 	1469 	1326 	1366 	1451 	1379 	1372 	1319 	1288 	1276 	1287 	1268 	1310 	1384 	1441 	1642 	2129 	2322 	2695 	2911 	3308 	3600 	3851 	3947 	3943 	3918 	3492 	3388 	3230 	3123 	3034 	3044 	2939 	3234 	3286 	3197 	3245 	3218 	2663 	2968 	2771 	2871 	2914 	3093 	3090 	3334 	3216 	3280 	3213 	3112 	2649 	2976 	3074 	2851 	3055 	3303 	3416 	3165 	3054 	2953 	2718 	2901 	2478 	2199 	2388 	1831 	1900 	2010 	1994 	2062 	1749 	1433 	1412 	1325 	1599 	1275 	1152 	1112 	959 	887 	840 	706 	639 	517 	471 	342 	311 	278 	245 	196 	137 	104 	75 	76 	47 	40 	33 	202 
관악구	계	2057 	2139 	2310 	2546 	2723 	2667 	2538 	2691 	2759 	2667 	2505 	2692 	2808 	2612 	2660 	2812 	3039 	3132 	3576 	4864 	5402 	6354 	7657 	9348 	10999 	12894 	13862 	14534 	14020 	12317 	11314 	10520 	9383 	8780 	8371 	7778 	8087 	8534 	8235 	7856 	7534 	6348 	6638 	6573 	6557 	7134 	7334 	7422 	7856 	7473 	7280 	7132 	6788 	6397 	6859 	6678 	6475 	7157 	7092 	7678 	7195 	6595 	6454 	6090 	6526 	5581 	4907 	5529 	4144 	4522 	4584 	4446 	4539 	3683 	3201 	3388 	3150 	3813 	2995 	2412 	2341 	1980 	1644 	1381 	1248 	949 	797 	686 	523 	457 	380 	308 	234 	205 	115 	96 	98 	76 	42 	28 	305 
관악구	남자	1059 	1122 	1186 	1308 	1440 	1370 	1291 	1376 	1410 	1359 	1314 	1384 	1451 	1347 	1337 	1457 	1571 	1618 	1828 	2503 	2538 	2839 	3293 	4108 	4845 	6187 	7018 	7557 	7484 	6744 	6190 	5880 	5124 	4850 	4600 	4264 	4404 	4639 	4483 	4249 	4050 	3409 	3495 	3604 	3486 	3801 	3950 	3955 	4123 	3901 	3756 	3520 	3318 	3310 	3429 	3355 	3212 	3525 	3414 	3601 	3361 	3187 	2994 	2830 	3006 	2574 	2179 	2607 	1893 	2118 	2143 	2023 	2078 	1629 	1470 	1583 	1443 	1795 	1387 	1122 	1073 	881 	704 	549 	500 	358 	285 	247 	176 	126 	113 	67 	66 	32 	21 	20 	23 	23 	12 	7 	63 
관악구	여자	998 	1017 	1124 	1238 	1283 	1297 	1247 	1315 	1349 	1308 	1191 	1308 	1357 	1265 	1323 	1355 	1468 	1514 	1748 	2361 	2864 	3515 	4364 	5240 	6154 	6707 	6844 	6977 	6536 	5573 	5124 	4640 	4259 	3930 	3771 	3514 	3683 	3895 	3752 	3607 	3484 	2939 	3143 	2969 	3071 	3333 	3384 	3467 	3733 	3572 	3524 	3612 	3470 	3087 	3430 	3323 	3263 	3632 	3678 	4077 	3834 	3408 	3460 	3260 	3520 	3007 	2728 	2922 	2251 	2404 	2441 	2423 	2461 	2054 	1731 	1805 	1707 	2018 	1608 	1290 	1268 	1099 	940 	832 	748 	591 	512 	439 	347 	331 	267 	241 	168 	173 	94 	76 	75 	53 	30 	21 	242 
서초구	계	2363 	2726 	2805 	3208 	3591 	3762 	4047 	4505 	4404 	4590 	4300 	4621 	4777 	4427 	4214 	4795 	4495 	4409 	4637 	5288 	4876 	5042 	5019 	5258 	5408 	5699 	5951 	6384 	6640 	6154 	6364 	6207 	6035 	6167 	6072 	6210 	6864 	7480 	7617 	7786 	7706 	6773 	7558 	7433 	7438 	8184 	8321 	8414 	8441 	8300 	7895 	7289 	6736 	5512 	6064 	6166 	5719 	5711 	5760 	5927 	5774 	5524 	5575 	5020 	5353 	4382 	4246 	4330 	3006 	3395 	3487 	3489 	3458 	2936 	2502 	2359 	2273 	2365 	1984 	1654 	1569 	1307 	1280 	1039 	1035 	827 	645 	606 	470 	410 	408 	326 	276 	190 	162 	108 	130 	81 	52 	41 	208 
서초구	남자	1248 	1465 	1419 	1623 	1809 	1963 	2114 	2310 	2327 	2345 	2181 	2378 	2357 	2273 	2186 	2425 	2331 	2275 	2338 	2661 	2424 	2560 	2530 	2540 	2509 	2748 	2845 	3017 	3061 	2982 	2960 	2882 	2733 	2833 	2757 	2839 	3159 	3438 	3456 	3566 	3522 	3176 	3418 	3378 	3503 	3868 	3961 	4029 	4144 	4075 	3955 	3648 	3245 	2857 	2934 	3009 	2785 	2787 	2713 	2766 	2625 	2624 	2569 	2334 	2412 	2052 	1898 	1989 	1391 	1550 	1587 	1628 	1584 	1343 	1200 	1144 	1105 	1188 	973 	789 	768 	619 	559 	467 	414 	327 	236 	239 	145 	120 	130 	79 	62 	61 	35 	28 	38 	17 	10 	11 	49 
서초구	여자	1115 	1261 	1386 	1585 	1782 	1799 	1933 	2195 	2077 	2245 	2119 	2243 	2420 	2154 	2028 	2370 	2164 	2134 	2299 	2627 	2452 	2482 	2489 	2718 	2899 	2951 	3106 	3367 	3579 	3172 	3404 	3325 	3302 	3334 	3315 	3371 	3705 	4042 	4161 	4220 	4184 	3597 	4140 	4055 	3935 	4316 	4360 	4385 	4297 	4225 	3940 	3641 	3491 	2655 	3130 	3157 	2934 	2924 	3047 	3161 	3149 	2900 	3006 	2686 	2941 	2330 	2348 	2341 	1615 	1845 	1900 	1861 	1874 	1593 	1302 	1215 	1168 	1177 	1011 	865 	801 	688 	721 	572 	621 	500 	409 	367 	325 	290 	278 	247 	214 	129 	127 	80 	92 	64 	42 	30 	159 
강남구	계	2521 	2729 	3011 	3334 	3774 	3972 	4425 	4937 	4925 	5076 	4946 	5543 	6335 	5647 	5592 	6081 	6176 	5943 	6574 	7614 	6565 	6785 	6655 	6959 	7217 	7780 	8118 	8761 	8690 	8436 	8326 	8213 	7946 	7956 	7868 	8033 	8754 	9276 	9690 	9561 	9805 	8419 	9367 	9269 	9534 	10157 	10362 	10903 	11298 	10890 	10329 	9408 	8726 	7297 	7957 	7701 	7223 	7104 	7220 	7281 	6847 	6639 	6826 	6301 	6666 	5584 	5283 	5711 	3687 	4266 	4408 	4382 	4306 	3693 	3034 	2927 	2709 	2916 	2399 	2079 	1803 	1645 	1477 	1219 	1206 	1010 	766 	768 	637 	522 	528 	400 	327 	235 	213 	136 	130 	84 	79 	56 	271 
강남구	남자	1311 	1453 	1535 	1646 	1914 	2091 	2309 	2565 	2554 	2641 	2537 	2863 	3370 	2927 	2920 	3232 	3263 	3119 	3412 	3940 	3356 	3427 	3189 	3364 	3363 	3680 	3883 	4077 	4089 	4029 	3889 	3771 	3656 	3702 	3558 	3695 	4017 	4099 	4417 	4369 	4299 	3889 	4191 	4223 	4417 	4803 	4682 	5199 	5512 	5346 	5186 	4727 	4215 	3885 	3989 	3789 	3614 	3520 	3489 	3476 	3206 	3046 	3191 	2875 	2936 	2586 	2332 	2577 	1718 	1933 	2021 	2092 	1970 	1746 	1467 	1464 	1299 	1485 	1149 	982 	866 	741 	648 	514 	482 	382 	258 	257 	188 	134 	144 	85 	86 	47 	52 	37 	26 	17 	18 	13 	53 
강남구	여자	1210 	1276 	1476 	1688 	1860 	1881 	2116 	2372 	2371 	2435 	2409 	2680 	2965 	2720 	2672 	2849 	2913 	2824 	3162 	3674 	3209 	3358 	3466 	3595 	3854 	4100 	4235 	4684 	4601 	4407 	4437 	4442 	4290 	4254 	4310 	4338 	4737 	5177 	5273 	5192 	5506 	4530 	5176 	5046 	5117 	5354 	5680 	5704 	5786 	5544 	5143 	4681 	4511 	3412 	3968 	3912 	3609 	3584 	3731 	3805 	3641 	3593 	3635 	3426 	3730 	2998 	2951 	3134 	1969 	2333 	2387 	2290 	2336 	1947 	1567 	1463 	1410 	1431 	1250 	1097 	937 	904 	829 	705 	724 	628 	508 	511 	449 	388 	384 	315 	241 	188 	161 	99 	104 	67 	61 	43 	218 
송파구	계	4184 	4395 	4882 	5452 	5614 	5584 	5528 	6178 	5893 	5924 	5632 	5707 	6133 	5788 	5449 	5951 	6123 	6045 	6836 	8009 	7602 	7635 	8245 	8720 	9534 	10077 	10617 	11303 	11301 	10975 	10951 	11007 	10822 	10923 	11020 	10822 	11884 	12633 	12383 	12082 	12011 	9855 	10666 	10322 	10409 	10964 	11257 	11521 	12164 	11482 	11446 	11117 	10376 	9551 	10261 	10055 	9863 	10226 	10591 	10963 	10366 	9602 	9844 	8584 	9440 	7820 	7044 	7516 	4947 	5435 	5388 	5102 	5183 	4177 	3472 	3391 	3147 	3471 	2813 	2285 	2186 	1908 	1747 	1548 	1478 	1177 	1085 	909 	719 	595 	546 	471 	378 	271 	193 	140 	152 	97 	69 	52 	270 
송파구	남자	2146 	2317 	2580 	2852 	2911 	2866 	2825 	3142 	3057 	3016 	2837 	2973 	3119 	2964 	2771 	3075 	3170 	3161 	3490 	4053 	3905 	3840 	4097 	4141 	4562 	4789 	4971 	5403 	5318 	5225 	5195 	5347 	5113 	5234 	5296 	5138 	5722 	6124 	6056 	5757 	5589 	4820 	5088 	5105 	5054 	5409 	5274 	5563 	5819 	5696 	5585 	5335 	4968 	4838 	4956 	4845 	4869 	4957 	4945 	5081 	4869 	4546 	4626 	4048 	4449 	3742 	3280 	3707 	2448 	2673 	2657 	2531 	2532 	2065 	1709 	1673 	1514 	1697 	1318 	1055 	950 	846 	730 	608 	532 	414 	331 	281 	202 	161 	138 	115 	94 	58 	36 	33 	35 	15 	9 	16 	67 
송파구	여자	2038 	2078 	2302 	2600 	2703 	2718 	2703 	3036 	2836 	2908 	2795 	2734 	3014 	2824 	2678 	2876 	2953 	2884 	3346 	3956 	3697 	3795 	4148 	4579 	4972 	5288 	5646 	5900 	5983 	5750 	5756 	5660 	5709 	5689 	5724 	5684 	6162 	6509 	6327 	6325 	6422 	5035 	5578 	5217 	5355 	5555 	5983 	5958 	6345 	5786 	5861 	5782 	5408 	4713 	5305 	5210 	4994 	5269 	5646 	5882 	5497 	5056 	5218 	4536 	4991 	4078 	3764 	3809 	2499 	2762 	2731 	2571 	2651 	2112 	1763 	1718 	1633 	1774 	1495 	1230 	1236 	1062 	1017 	940 	946 	763 	754 	628 	517 	434 	408 	356 	284 	213 	157 	107 	117 	82 	60 	36 	203 
강동구	계	2488 	2617 	2834 	3220 	3422 	3432 	3326 	3670 	3515 	3638 	3392 	3666 	3858 	3475 	3270 	3739 	3874 	3935 	4215 	5037 	4678 	4927 	5222 	5529 	5983 	6216 	6393 	7003 	6755 	6299 	6209 	6327 	6172 	6105 	6471 	6463 	7047 	7574 	7807 	7568 	7478 	6348 	6729 	6383 	6417 	7006 	7213 	7452 	7551 	7336 	7362 	7372 	6864 	6371 	6681 	6933 	6561 	7409 	7541 	7949 	7475 	7010 	6925 	6315 	6674 	5699 	4839 	5397 	3614 	3825 	3987 	3937 	3711 	3008 	2540 	2443 	2336 	2666 	2064 	1718 	1626 	1461 	1259 	1091 	1030 	863 	702 	624 	507 	449 	430 	329 	276 	189 	127 	102 	101 	68 	52 	43 	228 
강동구	남자	1242 	1370 	1453 	1687 	1776 	1759 	1770 	1896 	1858 	1909 	1756 	1944 	2083 	1837 	1756 	1912 	2048 	2069 	2237 	2611 	2448 	2529 	2699 	2762 	2999 	3075 	3148 	3426 	3363 	3219 	3130 	3240 	3008 	3089 	3279 	3215 	3525 	3728 	3951 	3839 	3669 	3281 	3283 	3235 	3192 	3510 	3532 	3715 	3900 	3606 	3630 	3616 	3324 	3254 	3303 	3265 	3236 	3621 	3581 	3764 	3523 	3386 	3305 	2934 	3107 	2715 	2304 	2574 	1790 	1873 	1936 	1934 	1776 	1494 	1274 	1182 	1111 	1280 	968 	794 	705 	606 	502 	410 	356 	261 	227 	177 	131 	112 	100 	72 	54 	38 	23 	21 	19 	17 	13 	10 	59 
강동구	여자	1246 	1247 	1381 	1533 	1646 	1673 	1556 	1774 	1657 	1729 	1636 	1722 	1775 	1638 	1514 	1827 	1826 	1866 	1978 	2426 	2230 	2398 	2523 	2767 	2984 	3141 	3245 	3577 	3392 	3080 	3079 	3087 	3164 	3016 	3192 	3248 	3522 	3846 	3856 	3729 	3809 	3067 	3446 	3148 	3225 	3496 	3681 	3737 	3651 	3730 	3732 	3756 	3540 	3117 	3378 	3668 	3325 	3788 	3960 	4185 	3952 	3624 	3620 	3381 	3567 	2984 	2535 	2823 	1824 	1952 	2051 	2003 	1935 	1514 	1266 	1261 	1225 	1386 	1096 	924 	921 	855 	757 	681 	674 	602 	475 	447 	376 	337 	330 	257 	222 	151 	104 	81 	82 	51 	39 	33 	169 
